58,52
58,51
58,50
58,49
58,48
58,47
58,46
58,45
58,44
58,43
58,42
58,41
58,40
58,39
58,38
58,37
58,36
58,35
10,221
10,123
10,151
10,199
10,219
10,313
10,279
8,9
8,14
8,7
8,4
57,4
57,3
57,2
57,1
57,0
20,3
20,2
20,1
19,3
19,2
19,1
12,3
12,2
12,1
11,29
11,27
11,25
11,23
11,21
11,19
11,17
11,15
11,13
11,11
11,9
11,7
11,3
11,2
11,1
10,305
10,299
10,287
10,285
10,263
10,259
18,1
10,225
18,3
10,211
10,203
10,135
10,129
10,111
10,109
14,1
10,101
14,3
10,93
13,1
10,3
10,2
13,3
10,1
9,7
9,5
9,3
9,2
9,1
8,18
8,16
8,13
8,12
8,11
8,10
8,6
8,5
8,3
8,2
2,2
